
======== Объект: Снеговик ========
Global RANSAC: Fitness=1.0000, RMSE=0.0592 (0.14s)
ICP Refinement: Fitness=0.6911, RMSE=0.0252
Transformation Matrix:
[[ 9.99994807e-01  3.18459815e-03  4.94480347e-04 -6.95879245e+00]
 [-3.18430018e-03  9.99994749e-01 -6.02208063e-04  6.99546353e+00]
 [-4.96395541e-04  6.00630361e-04  9.99999696e-01  1.94588247e+00]
 [ 0.00000000e+00  0.00000000e+00  0.00000000e+00  1.00000000e+00]]

======== Объект: Стол ========
Global RANSAC: Fitness=1.0000, RMSE=0.0561 (0.48s)
ICP Refinement: Fitness=0.7157, RMSE=0.0254
Transformation Matrix:
[[ 9.99999994e-01  6.28229878e-05  8.70388402e-05  6.99908593e+00]
 [-6.30644488e-05  9.99996142e-01  2.77695523e-03  7.00166209e+00]
 [-8.68640478e-05 -2.77696070e-03  9.99996140e-01  1.17617631e+00]
 [ 0.00000000e+00  0.00000000e+00  0.00000000e+00  1.00000000e+00]]

======== Объект: Пирамида ========
Global RANSAC: Fitness=0.9992, RMSE=0.0693 (1.30s)
ICP Refinement: Fitness=0.4697, RMSE=0.0279
Transformation Matrix:
[[ 9.99999976e-01  2.44372823e-05 -2.17987499e-04 -7.01894056e+00]
 [-2.45714553e-05  9.99999810e-01 -6.15526389e-04 -7.01167740e+00]
 [ 2.17972415e-04  6.15531731e-04  9.99999787e-01  9.18897349e-01]
 [ 0.00000000e+00  0.00000000e+00  0.00000000e+00  1.00000000e+00]]

======== Объект: Звезда из прямоугольников ========
Global RANSAC: Fitness=1.0000, RMSE=0.0468 (0.22s)
ICP Refinement: Fitness=0.9632, RMSE=0.0216
Transformation Matrix:
[[ 9.99999882e-01  4.41575043e-04  2.04488119e-04  7.00049033e+00]
 [-4.41477409e-04  9.99999789e-01 -4.77252312e-04 -6.99953412e+00]
 [-2.04698819e-04  4.77161979e-04  9.99999865e-01 -1.03735742e-03]
 [ 0.00000000e+00  0.00000000e+00  0.00000000e+00  1.00000000e+00]]

======== Объект: Звезда из конусов ========
Global RANSAC: Fitness=1.0000, RMSE=0.0449 (0.16s)
ICP Refinement: Fitness=0.9778, RMSE=0.0201
Transformation Matrix:
[[ 9.99999205e-01 -1.26131428e-03  3.31814560e-06  8.61989183e-05]
 [ 1.26131244e-03  9.99999078e-01  5.03745685e-04  5.21200147e-04]
 [-3.95352417e-06 -5.03741099e-04  9.99999873e-01 -7.84605607e-04]
 [ 0.00000000e+00  0.00000000e+00  0.00000000e+00  1.00000000e+00]]
